#number of clusters,dimension of points,number of points,optimal value
2,2,5,0.005350
2,2,6,0.013800
2,2,7,0.024275
2,2,8,0.026693
2,2,9,0.029217
2,2,10,0.032876
2,2,11,0.034021
2,2,12,0.043900
2,2,13,0.058288
2,2,14,0.063571
2,2,15,0.068002
2,2,16,0.071675
2,2,17,0.076132
2,2,18,0.080017
2,2,19,0.089078
2,2,20,0.092905
2,2,21,0.102469
2,2,22,0.104485
2,2,23,0.109499
2,2,24,0.110018
2,2,25,0.110922
2,2,26,0.111848
2,2,27,0.112953
2,2,28,0.117650
2,2,29,0.151120
2,2,30,0.160344
2,2,31,0.176809
2,2,32,0.189292
2,2,33,0.191382
2,2,34,0.200607
2,2,35,0.212601
2,2,36,0.249367
2,2,37,0.277223
2,2,38,0.280064
2,2,39,0.280728
2,2,40,0.283482
2,2,41,0.287880
2,2,42,0.291250
2,2,43,0.293927
2,2,44,0.325769
2,2,45,0.355611
2,2,46,0.489677
2,2,47,0.528734
2,2,48,0.675178
2,2,49,0.724297
2,2,50,0.732818
2,2,51,0.735791
2,2,52,0.742360
2,2,53,0.744693
2,2,54,0.750554
2,2,55,0.756112
2,2,56,0.802945
2,2,57,0.843064
2,2,58,0.853053
2,2,59,0.862328
2,2,60,0.903189
2,2,61,0.943624
2,2,62,1.005647
2,2,63,1.048649
2,2,64,1.100881
2,2,65,1.130928
2,2,66,1.176061
2,2,67,1.202765
2,2,68,1.225748
2,2,69,1.246345
2,2,70,1.258340
2,2,71,1.297194
2,2,72,1.325393
2,2,73,1.346753
2,2,74,1.364107
2,2,75,1.397091
2,2,76,1.413790
2,2,77,1.444378
2,2,78,1.454965
2,2,79,1.478275
2,2,80,1.489762
2,2,81,1.511987
2,2,82,1.527770
2,2,83,1.543869
2,2,84,1.560876
2,2,85,1.569167
2,2,86,1.587709
2,2,87,1.593123
2,2,88,1.609664
2,2,89,1.635384
2,2,90,1.644945
2,2,91,1.649468
2,2,92,1.658905
2,2,93,1.662658
2,2,94,1.670389
2,2,95,1.688294
2,2,96,1.699809
2,2,97,1.702515
2,2,98,1.714457
2,2,99,1.719858
2,2,100,1.730647
2,2,101,1.745197
2,2,102,1.757368
2,2,103,1.762512
2,2,104,1.770374
2,2,105,1.784613
2,2,106,1.818108
2,2,107,1.836894
2,2,108,1.854059
2,2,109,1.863434
2,2,110,1.892738
2,2,111,1.935762
2,2,112,1.955963
2,2,113,1.966671
2,2,114,1.989810
2,2,115,2.005837
2,2,116,2.069589
2,2,117,2.159069
2,2,118,2.197679
2,2,119,2.209458
2,2,120,2.226606
2,2,121,2.234235
2,2,122,2.242406
2,2,123,2.311018
2,2,124,2.350101
2,2,125,2.444637
2,2,126,2.527371
2,2,127,2.573098
2,2,128,2.611688
2,2,129,2.653735
2,2,130,2.703812
2,2,131,2.756766
2,2,132,2.826722
2,2,133,2.870832
2,2,134,2.912039
2,2,135,2.975166
2,2,136,3.004377
2,2,137,3.038309
2,2,138,3.087960
2,2,139,3.104161
2,2,140,3.114565
2,2,141,3.131295
2,2,142,3.193399
2,2,143,3.253626
2,2,144,3.266382
2,2,145,3.283338
2,2,146,3.304450
2,2,147,3.343014
2,2,148,3.387030
2,2,149,3.430468
2,2,150,3.489549
2,2,151,3.532918
2,2,152,3.587524
2,2,153,3.605332
2,2,154,3.621201
2,2,155,3.679973
2,2,156,3.755410
2,2,157,3.771256
2,2,158,3.798343
2,2,159,3.831335
2,2,160,3.859392
2,2,161,3.886711
2,2,162,3.945221
2,2,163,3.982666
2,2,164,4.027844
2,2,165,4.063909
2,2,166,4.112199
2,2,167,4.185694
2,2,168,4.218114
2,2,169,4.261831
2,2,170,4.315381
2,2,171,4.372088
2,2,172,4.423423
2,2,173,4.442080
2,2,174,4.486495
2,2,175,4.552542
2,2,176,4.575350
2,2,177,4.594160
2,2,178,4.647430
2,2,179,4.734376
2,2,180,4.766299
2,2,181,4.779663
2,2,182,4.893460
2,2,183,4.924338
2,2,184,4.946525
2,2,185,4.955058
2,2,186,4.968308
2,2,187,5.082961
2,2,188,5.176185
2,2,189,5.337105
2,2,190,5.535635
2,2,191,5.784166
2,2,192,5.876201
2,2,193,6.017720
2,2,194,6.111688
2,2,195,6.311640
2,2,196,6.539890
2,2,197,6.648071
2,2,198,6.804725
2,2,199,7.046072
2,2,200,7.106207
2,2,201,7.425057
2,2,202,7.637547
2,2,203,7.866384
2,2,204,8.193717
2,2,205,8.377643
2,2,206,8.533521
2,2,207,8.603145
2,2,208,8.639010
2,2,209,8.712370
2,2,210,8.741325
2,2,211,8.801314
2,2,212,8.872635
2,2,213,9.053341
2,2,214,9.249933
2,2,215,9.359174
2,2,216,9.414553
2,2,217,9.589643
2,2,218,9.769922
2,2,219,9.830494
2,2,220,10.108622
2,2,221,10.561490
2,2,222,10.727891
2,2,223,10.793259
2,2,224,10.836791
2,2,225,11.082660
2,2,226,11.180394
2,2,227,11.231511
2,2,228,11.278807
2,2,229,11.368909
2,2,230,11.439897
2,2,231,11.495162
2,2,232,11.531167
2,2,233,11.679845
2,2,234,11.818423
2,2,235,11.921482
2,2,236,12.028218
2,2,237,12.401478
2,2,238,12.498066
2,2,239,12.572200
2,2,240,12.896036
2,2,241,13.050003
2,2,242,13.163753
2,2,243,13.196192
2,2,244,13.233333
2,2,245,13.307869
2,2,246,13.459648
2,2,247,13.518721
2,2,248,13.543422
2,2,249,13.682060
2,3,5,0.006900
2,3,6,0.024360
2,3,7,0.026110
2,3,8,0.039227
2,3,9,0.047935
2,3,10,0.082440
2,3,11,0.112527
2,3,12,0.122589
2,3,13,0.128348
2,3,14,0.184027
2,3,15,0.245970
2,3,16,0.302996
2,3,17,0.337277
2,3,18,0.367667
2,3,19,0.417317
2,3,20,0.479404
2,3,21,0.504850
2,3,22,0.570656
2,3,23,0.615738
2,3,24,0.656036
2,3,25,0.694827
2,3,26,0.738263
2,3,27,0.764510
2,3,28,0.777373
2,3,29,0.808084
2,3,30,0.861438
2,3,31,0.884337
2,3,32,0.915417
2,3,33,0.922960
2,3,34,0.974789
2,3,35,1.049426
2,3,36,1.080207
2,3,37,1.121315
2,3,38,1.167117
2,3,39,1.186851
2,3,40,1.237355
2,3,41,1.273385
2,3,42,1.371030
2,3,43,1.456840
2,3,44,1.473924
2,3,45,1.489598
2,3,46,1.532782
2,3,47,1.564046
2,3,48,1.620926
2,3,49,1.634174
2,3,50,1.749182
2,3,51,1.830072
2,3,52,2.028383
2,3,53,2.106559
2,3,54,2.334791
2,3,55,2.525715
2,3,56,2.613302
2,3,57,2.671936
2,3,58,2.789143
2,3,59,2.855797
2,3,60,2.949760
2,3,61,3.065892
2,3,62,3.290469
2,3,63,3.520595
2,3,64,3.647161
2,3,65,3.723564
2,3,66,3.829437
2,3,67,3.906243
2,3,68,3.995842
2,3,69,4.068718
2,3,70,4.174589
2,3,71,4.241913
2,3,72,4.324776
2,3,73,4.362404
2,3,74,4.449005
2,3,75,4.514866
2,3,76,4.580505
2,3,77,4.679467
2,3,78,4.753470
2,3,79,4.815617
2,3,80,4.891098
2,3,81,4.972599
2,3,82,4.992998
2,3,83,5.020248
2,3,84,5.034571
2,3,85,5.096840
2,3,86,5.109364
2,3,87,5.155052
2,3,88,5.171774
2,3,89,5.210439
2,3,90,5.249190
2,3,91,5.260431
2,3,92,5.300536
2,3,93,5.317571
2,3,94,5.349554
2,3,95,5.424938
2,3,96,5.469031
2,3,97,5.490428
2,3,98,5.500640
2,3,99,5.515864
2,3,100,5.545669
2,3,101,5.556571
2,3,102,5.575804
2,3,103,5.593341
2,3,104,5.615842
2,3,105,5.631068
2,3,106,5.655733
2,3,107,5.667486
2,3,108,5.686680
2,3,109,5.727318
2,3,110,5.758528
2,3,111,5.789090
2,3,112,5.837811
2,3,113,5.857159
2,3,114,5.995861
2,3,115,6.098638
2,3,116,6.229379
2,3,117,6.325301
2,3,118,6.487767
2,3,119,6.751024
2,3,120,6.896328
2,3,121,7.031294
2,3,122,7.220518
2,3,123,7.322289
2,3,124,7.639202
2,3,125,8.011003
2,3,126,8.234769
2,3,127,8.450635
2,3,128,8.636687
2,3,129,8.770458
2,3,130,8.832526
2,3,131,8.990225
2,3,132,9.046128
2,3,133,9.181486
2,3,134,9.287370
2,3,135,9.372609
2,3,136,9.426211
2,3,137,9.503873
2,3,138,9.573020
2,3,139,9.713945
2,3,140,9.875823
2,3,141,9.991069
2,3,142,10.092822
2,3,143,10.257114
2,3,144,10.360486
2,3,145,10.458365
2,3,146,10.540119
2,3,147,10.566175
2,3,148,10.579572
2,3,149,10.614485
2,3,150,10.685082
2,3,151,10.770611
2,3,152,10.786799
2,3,153,10.816289
2,3,154,10.859439
2,3,155,10.925294
2,3,156,10.981791
2,3,157,11.030280
2,3,158,11.106642
2,3,159,11.166787
2,3,160,11.235286
2,3,161,11.271028
2,3,162,11.303110
2,3,163,11.406913
2,3,164,11.464879
2,3,165,11.495226
2,3,166,11.535002
2,3,167,11.571260
2,3,168,11.631972
2,3,169,11.653434
2,3,170,11.722042
2,3,171,11.752082
2,3,172,11.786958
2,3,173,11.826403
2,3,174,11.860468
2,3,175,11.961107
2,3,176,11.992612
2,3,177,12.040885
2,3,178,12.132876
2,3,179,12.290200
2,3,180,12.401025
2,3,181,12.569181
2,3,182,12.719634
2,3,183,12.980309
2,3,184,13.063283
2,3,185,13.144471
2,3,186,13.292297
2,3,187,13.580228
2,3,188,13.737348
2,3,189,13.805866
2,3,190,14.178607
2,3,191,14.346112
2,3,192,14.482751
2,3,193,14.553265
2,3,194,14.622173
2,3,195,14.767832
2,3,196,14.894770
2,3,197,15.081427
2,3,198,15.334635
2,3,199,15.624558
2,3,200,15.747120
2,3,201,15.857026
2,3,202,16.029471
2,3,203,16.184250
2,3,204,16.474955
2,3,205,16.739834
2,3,206,16.921814
2,3,207,17.159112
2,3,208,17.490445
2,3,209,17.585985
2,3,210,18.024903
2,3,211,18.275568
2,3,212,18.559248
2,3,213,18.914840
2,3,214,19.148127
2,3,215,19.352835
2,3,216,19.457567
2,3,217,19.503781
2,3,218,19.584750
2,3,219,19.647154
2,3,220,19.721786
2,3,221,19.826551
2,3,222,20.039191
2,3,223,20.301606
2,3,224,20.441008
2,3,225,20.507266
2,3,226,20.700622
2,3,227,20.890634
2,3,228,20.989925
2,3,229,21.294474
2,3,230,21.781754
2,3,231,21.951435
2,3,232,22.035763
2,3,233,22.093221
2,3,234,22.375277
2,4,5,0.109300
2,4,6,0.213600
2,4,7,0.300340
2,4,8,0.368117
2,4,9,0.420683
2,4,10,0.497524
2,4,11,0.601742
2,4,12,0.674222
2,4,13,0.754831
2,4,14,0.893685
2,4,15,1.030839
2,4,16,1.163050
2,4,17,1.290860
2,4,18,1.444325
2,4,19,1.620568
2,4,20,1.713703
2,4,21,1.744793
2,4,22,1.794306
2,4,23,1.825076
2,4,24,1.901594
2,4,25,1.927409
2,4,26,2.037314
2,4,27,2.079214
2,4,28,2.170124
2,4,29,2.331731
2,4,30,2.488558
2,4,31,2.595783
2,4,32,2.784089
2,4,33,2.888403
2,4,34,3.073636
2,4,35,3.173049
2,4,36,3.314721
2,4,37,3.392395
2,4,38,3.474086
2,4,39,3.497940
2,4,40,3.586157
2,4,41,3.603934
2,4,42,3.726457
2,4,43,3.816497
2,4,44,3.890169
2,4,45,3.959640
2,4,46,4.128296
2,4,47,4.252670
2,4,48,4.448585
2,4,49,4.554245
2,4,50,4.811915
2,4,51,4.924064
2,4,52,5.132377
2,4,53,5.338506
2,4,54,5.620393
2,4,55,5.823646
2,4,56,5.909513
2,4,57,6.099877
2,4,58,6.250311
2,4,59,6.325070
2,4,60,6.442712
2,4,61,6.535891
2,4,62,6.833619
2,4,63,7.168259
2,4,64,7.424391
2,4,65,7.612325
2,4,66,7.877781
2,4,67,7.985658
2,4,68,8.097889
2,4,69,8.185167
2,4,70,8.430441
2,4,71,8.506014
2,4,72,8.591842
2,4,73,8.695584
2,4,74,8.789264
2,4,75,8.868385
2,4,76,8.934541
2,4,77,9.129265
2,4,78,9.286052
2,4,79,9.401089
2,4,80,9.478543
2,4,81,9.689119
2,4,82,9.782493
2,4,83,9.818915
2,4,84,9.842123
2,4,85,10.000295
2,4,86,10.049553
2,4,87,10.101437
2,4,88,10.118638
2,4,89,10.307575
2,4,90,10.443285
2,4,91,10.465820
2,4,92,10.549666
2,4,93,10.591256
2,4,94,10.723090
2,4,95,10.850763
2,4,96,10.941110
2,4,97,11.091365
2,4,98,11.105888
2,4,99,11.131921
2,4,100,11.162444
2,5,5,0.525700
2,5,6,0.676875
2,5,7,0.769740
2,5,8,0.906387
2,5,9,1.003090
2,5,10,1.088158
2,5,11,1.146023
2,5,12,1.268954
2,5,13,1.444503
2,5,14,1.543696
2,5,15,1.651262
2,5,16,1.729213
2,5,17,2.171594
2,5,18,2.386120
2,5,19,2.514223
2,5,20,2.664500
2,5,21,2.812227
2,5,22,2.887721
2,5,23,2.948747
2,5,24,2.987820
2,5,25,3.108883
2,5,26,3.179759
2,5,27,3.339020
2,5,28,3.441693
2,5,29,3.881357
2,5,30,3.980734
2,5,31,4.063784
2,5,32,4.282452
2,5,33,4.487931
2,5,34,4.751394
2,5,35,4.875475
2,5,36,4.962958
2,5,37,5.072850
2,5,38,5.296545
2,5,39,5.424688
2,5,40,5.497631
2,5,41,5.613428
2,5,42,5.707480
2,5,43,5.801385
2,5,44,5.906583
2,5,45,6.097043
2,5,46,6.212169
2,5,47,6.303125
2,5,48,6.439539
2,5,49,6.707676
2,5,50,7.050460
2,5,51,7.233018
2,5,52,7.514595
2,5,53,7.768905
2,5,54,8.057847
2,5,55,8.290302
2,5,56,8.400350
3,2,5,0.001600
3,2,6,0.005350
3,2,7,0.013800
3,2,8,0.014800
3,2,9,0.015933
3,2,10,0.017617
3,2,11,0.019667
3,2,12,0.030608
3,2,13,0.037721
3,2,14,0.041487
3,2,15,0.042196
3,2,16,0.043501
3,2,17,0.045854
3,2,18,0.047649
3,2,19,0.054296
3,2,20,0.056310
3,2,21,0.063871
3,2,22,0.065853
3,2,23,0.068654
3,2,24,0.069917
3,2,25,0.071642
3,2,26,0.072657
3,2,27,0.073883
3,2,28,0.078575
3,2,29,0.109603
3,2,30,0.116744
3,2,31,0.131429
3,2,32,0.134396
3,2,33,0.138089
3,2,34,0.140173
3,2,35,0.150774
3,2,36,0.158502
3,2,37,0.162669
3,2,38,0.168098
3,2,39,0.171456
3,2,40,0.176718
3,2,41,0.182040
3,2,42,0.183779
3,2,43,0.189324
3,2,44,0.200795
3,2,45,0.212069
3,2,46,0.275732
3,2,47,0.279950
3,2,48,0.331951
3,2,49,0.356652
3,2,50,0.360413
3,2,51,0.365272
3,2,52,0.370196
3,2,53,0.374640
3,2,54,0.379827
3,2,55,0.384576
3,2,56,0.427260
3,2,57,0.463722
3,2,58,0.472754
3,2,59,0.483048
3,2,60,0.500554
3,2,61,0.545182
3,2,62,0.568757
3,2,63,0.584734
3,2,64,0.604240
3,2,65,0.614497
3,2,66,0.632260
3,2,67,0.645573
3,2,68,0.666096
3,2,69,0.675711
3,2,70,0.683195
3,2,71,0.690467
3,2,72,0.695807
3,2,73,0.697541
3,2,74,0.712333
3,2,75,0.724038
3,2,76,0.747524
3,2,77,0.781796
3,2,78,0.796110
3,2,79,0.799287
3,2,80,0.811781
3,2,81,0.838884
3,2,82,0.855419
3,2,83,0.877103
3,2,84,0.897102
3,2,85,0.909552
3,2,86,0.935169
3,2,87,0.946937
3,2,88,0.963629
3,2,89,0.987230
3,2,90,0.993523
3,2,91,1.003710
3,2,92,1.019420
3,2,93,1.024680
3,2,94,1.032980
3,2,95,1.046020
3,2,96,1.060050
3,2,97,1.065330
3,2,98,1.076420
3,2,99,1.081620
3,2,100,1.096390
3,2,101,1.112830
3,2,102,1.123010
3,2,103,1.131110
3,2,104,1.134380
3,2,105,1.148660
3,2,106,1.183760
3,2,107,1.202550
3,2,108,1.218110
3,2,109,1.227120
3,2,110,1.253320
3,2,111,1.291000
3,2,112,1.310430
3,2,113,1.319560
3,2,114,1.340230
3,2,115,1.357100
3,2,116,1.418150
3,2,117,1.504360
3,2,118,1.540960
3,2,119,1.551970
3,2,120,1.567700
3,2,121,1.574440
3,2,122,1.583060
3,2,123,1.616540
3,2,124,1.651450
3,2,125,1.704800
3,2,126,1.762990
3,2,127,1.787030
3,2,128,1.816920
3,2,129,1.832850
3,2,130,1.847870
3,2,131,1.869980
3,2,132,1.892770
3,2,133,1.900450
3,2,134,1.922470
3,2,135,1.947680
3,2,136,1.960480
3,2,137,1.988290
3,2,138,2.024010
3,2,139,2.038850
3,2,140,2.058130
3,2,141,2.081020
3,2,142,2.120770
3,2,143,2.153210
3,2,144,2.162900
3,2,145,2.172270
3,2,146,2.180240
3,2,147,2.201970
3,2,148,2.228490
3,2,149,2.252390
3,2,150,2.284270
3,2,151,2.304400
3,2,152,2.336390
3,2,153,2.350220
3,2,154,2.354920
3,2,155,2.397560
3,2,156,2.460340
3,2,157,2.474920
3,2,158,2.490660
3,2,159,2.522120
3,2,160,2.542180
3,2,161,2.565940
3,2,162,2.624960
3,2,163,2.648880
3,2,164,2.679520
3,2,165,2.699000
3,2,166,2.737420
3,2,167,2.793090
3,2,168,2.817830
3,2,169,2.852760
3,2,170,2.883520
3,2,171,2.938660
3,2,172,2.990000
3,2,173,3.008650
3,2,174,3.053070
3,2,175,3.119120
3,2,176,3.141930
3,2,177,3.160730
3,2,178,3.214650
3,2,179,3.296340
3,2,180,3.326310
3,2,181,3.340840
3,2,182,3.443160
3,2,183,3.468970
3,2,184,3.486750
3,2,185,3.496310
3,3,5,0.001800
3,3,6,0.006900
3,3,7,0.008650
3,3,8,0.021767
3,3,9,0.030475
3,3,10,0.047935
3,3,11,0.077480
3,3,12,0.081130
3,3,13,0.083535
3,3,14,0.109815
3,3,15,0.129017
3,3,16,0.138917
3,3,17,0.151173
3,3,18,0.181563
3,3,19,0.231213
3,3,20,0.293300
3,3,21,0.318746
3,3,22,0.365862
3,3,23,0.375087
3,3,24,0.388462
3,3,25,0.401832
3,3,26,0.439792
3,3,27,0.469340
3,3,28,0.481402
3,3,29,0.509237
3,3,30,0.554881
3,3,31,0.573570
3,3,32,0.597152
3,3,33,0.598907
3,3,34,0.635889
3,3,35,0.705862
3,3,36,0.744099
3,3,37,0.787306
3,3,38,0.809095
3,3,39,0.815937
3,3,40,0.833679
3,3,41,0.851941
3,3,42,0.947206
3,3,43,1.031510
3,3,44,1.047660
3,3,45,1.061450
3,3,46,1.103680
3,3,47,1.134940
3,3,48,1.190820
3,3,49,1.197250
3,3,50,1.298200
3,3,51,1.356930
3,3,52,1.484630
3,3,53,1.528080
3,3,54,1.681480
3,3,55,1.788440
3,3,56,1.803690
3,4,5,0.052000
3,4,6,0.109300
3,4,7,0.129100
3,4,8,0.170233
3,4,9,0.222800
3,4,10,0.250592
3,4,11,0.284187
3,4,12,0.309433
3,4,13,0.390042
3,4,14,0.456932
3,4,15,0.517037
3,4,16,0.571875
3,4,17,0.663175
3,4,18,0.703400
3,4,19,0.762615
3,4,20,0.864060
3,4,21,0.886840
3,4,22,0.976049
3,4,23,1.048557
3,4,24,1.146877
3,4,25,1.174770
3,4,26,1.220013
3,4,27,1.246186
3,4,28,1.302070
3,4,29,1.449210
3,4,30,1.504600
3,5,5,0.149650
3,5,6,0.235750
3,5,7,0.299517
3,5,8,0.441767
3,5,9,0.494600
3,5,10,0.552308
3,5,11,0.610173
3,5,12,0.773548
3,5,13,0.855120
3,5,14,0.954313
3,5,15,1.061880
3,5,16,1.139830
3,5,17,1.386700
3,5,18,1.509850
3,5,19,1.630357
3,5,20,1.787783
3,5,21,1.832057
3,5,22,1.907552
3,5,23,1.962930
3,5,24,2.059023
3,5,25,2.088139
3,5,26,2.164981
3,5,27,2.270342
3,5,28,2.411894